n S_N S_Z
 11    6.80   -2.91
 12    7.53   -4.17
 13    7.55   -5.72
 14    7.21   -7.80
 15    7.44   -8.97
 16    8.07   -9.70
 17    8.94  -10.10
 18    9.81  -10.70
 19   10.60  -11.38
 20   11.39  -12.07
 21   12.54  -12.55
 22   13.68  -13.24
 23   14.34  -13.93
 24   14.19  -14.71
 25   13.83  -15.53
 26   13.50  -16.37
 27   13.00  -17.36
 28   12.13  -18.52
 29   12.60  -18.44
 30   13.26  -18.19
 31   14.13  -17.68
 32   14.92  -17.09
 33   15.60  -16.65
 34   16.38  -16.66
 35   17.08  -16.59
 36   17.55  -16.35
 37   17.98  -16.18
 38   18.33  -16.41
 39   18.56  -16.60
 40   18.71  -16.54
 41   18.65  -16.42
 42   18.55  -16.84
 43   18.52  -17.22
 44   18.34  -17.42
 45   18.01  -17.52
 46   17.38  -17.82
 47   16.56  -18.19
 48   15.62  -18.58
 49   14.38  -19.11
 50   12.88  -19.83
 51   13.24  -19.14
 52   13.71  -18.35
 53   14.40  -17.40
 54   15.16  -16.54
 55   15.89  -15.68
 56   16.43  -14.75
 57   16.97  -13.71
 58   17.59  -12.87
 59   18.08  -12.18
 60   18.72  -11.61
 61   19.22  -11.09
 62   19.51  -10.78
 63   19.73  -10.53
 64   19.91  -10.41
 65   20.06  -10.21
 66   20.16   -9.85
 67   20.09   -9.36
 68   19.83   -8.97
 69   19.41   -8.56
 70   19.06   -8.13
 71   18.66   -7.68
 72   17.73   -7.33
 73   17.03   -7.11
 74   16.44   -7.16
 75   16.00   -7.05
 76   15.33   -6.81
 77   14.49   -6.56
 78   13.42   -6.95
 79   12.28   -7.52
 80   11.14   -8.03
 81   10.10   -8.41
 82    9.09   -8.86
 83   10.00   -7.71
 84   10.64   -6.38
 85   11.18   -5.47
 86   11.70   -4.78
 87   12.22   -4.37
 88   12.71   -4.17
 89   13.05   -4.12
 90   12.99   -4.29
 91   12.62   -4.61
 92   12.11   -5.04
 93   11.66   -5.48
 94   11.21   -5.96
 95   10.81   -6.40
 96   10.38   -6.87
 97   10.03   -7.20
 98    9.65   -7.74
 99    9.38     NaN
100    8.99     NaN
101    8.62     NaN
102    8.33     NaN
103    8.10     NaN
104    7.82     NaN
105    7.56     NaN
106    7.33     NaN
107    7.15     NaN
108    6.83     NaN
109    6.69     NaN
110    6.55     NaN
111    6.53     NaN
112    6.49     NaN
113    6.39     NaN
114    5.82     NaN
115    5.26     NaN
116    4.53     NaN
117    3.83     NaN
118    3.08     NaN
119    2.37     NaN
120    1.72     NaN
121    1.05     NaN
122    0.27     NaN
123   -0.69     NaN
124   -1.69     NaN
125   -2.58     NaN
126   -3.16     NaN
127   -1.72     NaN
128   -0.41     NaN
129    0.71     NaN
130    1.66     NaN
131    2.62     NaN
132    3.22     NaN
133    3.76     NaN
134    4.10     NaN
135    4.46     NaN
136    4.83     NaN
137    5.09     NaN
138    5.18     NaN
139    5.17     NaN
140    5.10     NaN
141    5.05     NaN
142    5.04     NaN
143    5.03     NaN
144    4.99     NaN
145    4.98     NaN
146    5.11     NaN
147    5.27     NaN
148    5.39     NaN
149    5.37     NaN
150    5.30     NaN
